 50000, epsilon = 0.1, learning rate 
 0 3.68787
 100 3.55767
 200 3.55568
 300 3.55333
 400 3.55058
 500 3.54743
 600 3.54391
 700 3.54007
 800 3.53596
 900 3.53172
 1000 3.52762
 1100 3.52395
 1200 3.52084
 1300 3.51825
 1400 3.51603
 1500 3.51403
 1600 3.51214
 1700 3.51024
 1800 3.50827
 1900 3.50616
 2000 3.50387
 2100 3.50135
 2200 3.49859
 2300 3.49558
 2400 3.49233
 2500 3.48889
 2600 3.48531
 2700 3.48167
 2800 3.47803
 2900 3.47448
 3000 3.47108
 3100 3.46785
 3200 3.46480
 3300 3.46190
 3400 3.45911
 3500 3.45637
 3600 3.45363
 3700 3.45083
 3800 3.44796
 3900 3.44503
 4000 3.44204
 4100 3.43901
 4200 3.43597
 4300 3.43294
 4400 3.42991
 4500 3.42691
 4600 3.42394
 4700 3.42100
 4800 3.41809
 4900 3.41522
 5000 3.41239
 5100 3.40960
 5200 3.40685
 5300 3.40413
 5400 3.40145
 5500 3.39881
 5600 3.39621
 5700 3.39364
 5800 3.39110
 5900 3.38860
 6000 3.38614
 6100 3.38370
 6200 3.38130
 6300 3.37893
 6400 3.37659
 6500 3.37429
 6600 3.37201
 6700 3.36976
 6800 3.36754
 6900 3.36535
 7000 3.36319
 7100 3.36106
 7200 3.35895
 7300 3.35687
 7400 3.35481
 7500 3.35278
 7600 3.35077
 7700 3.34879
 7800 3.34683
 7900 3.34489
 8000 3.34298
 8100 3.34109
 8200 3.33922
 8300 3.33737
 8400 3.33555
 8500 3.33374
 8600 3.33196
 8700 3.33020
 8800 3.32845
 8900 3.32673
 9000 3.32503
 9100 3.32335
 9200 3.32169
 9300 3.32004
 9400 3.31842
 9500 3.31682
 9600 3.31524
 9700 3.31368
 9800 3.31214
 9900 3.31061
 10000 3.30911
 10100 3.30763
 10200 3.30617
 10300 3.30473
 10400 3.30331
 10500 3.30191
 10600 3.30053
 10700 3.29917
 10800 3.29783
 10900 3.29651
 11000 3.29521
 11100 3.29392
 11200 3.29266
 11300 3.29142
 11400 3.29020
 11500 3.28900
 11600 3.28782
 11700 3.28665
 11800 3.28551
 11900 3.28438
 12000 3.28327
 12100 3.28218
 12200 3.28111
 12300 3.28006
 12400 3.27902
 12500 3.27800
 12600 3.27700
 12700 3.27601
 12800 3.27504
 12900 3.27409
 13000 3.27315
 13100 3.27223
 13200 3.27133
 13300 3.27044
 13400 3.26956
 13500 3.26870
 13600 3.26785
 13700 3.26702
 13800 3.26620
 13900 3.26539
 14000 3.26460
 14100 3.26382
 14200 3.26306
 14300 3.26230
 14400 3.26156
 14500 3.26083
 14600 3.26011
 14700 3.25940
 14800 3.25871
 14900 3.25802
 15000 3.25735
 15100 3.25669
 15200 3.25603
 15300 3.25539
 15400 3.25476
 15500 3.25413
 15600 3.25352
 15700 3.25292
 15800 3.25232
 15900 3.25173
 16000 3.25116
 16100 3.25059
 16200 3.25003
 16300 3.24947
 16400 3.24893
 16500 3.24839
 16600 3.24786
 16700 3.24734
 16800 3.24683
 16900 3.24632
 17000 3.24582
 17100 3.24533
 17200 3.24484
 17300 3.24436
 17400 3.24389
 17500 3.24343
 17600 3.24297
 17700 3.24251
 17800 3.24206
 17900 3.24162
 18000 3.24119
 18100 3.24076
 18200 3.24033
 18300 3.23991
 18400 3.23950
 18500 3.23909
 18600 3.23868
 18700 3.23828
 18800 3.23789
 18900 3.23750
 19000 3.23712
 19100 3.23674
 19200 3.23636
 19300 3.23599
 19400 3.23563
 19500 3.23526
 19600 3.23491
 19700 3.23455
 19800 3.23420
 19900 3.23386
 20000 3.23352
 20100 3.23318
 20200 3.23285
 20300 3.23252
 20400 3.23219
 20500 3.23187
 20600 3.23155
 20700 3.23123
 20800 3.23092
 20900 3.23061
 21000 3.23031
 21100 3.23000
 21200 3.22970
 21300 3.22941
 21400 3.22911
 21500 3.22882
 21600 3.22854
 21700 3.22825
 21800 3.22797
 21900 3.22769
 22000 3.22742
 22100 3.22714
 22200 3.22687
 22300 3.22661
 22400 3.22634
 22500 3.22608
 22600 3.22582
 22700 3.22556
 22800 3.22530
 22900 3.22505
 23000 3.22480
 23100 3.22455
 23200 3.22431
 23300 3.22406
 23400 3.22382
 23500 3.22358
 23600 3.22334
 23700 3.22311
 23800 3.22287
 23900 3.22264
 24000 3.22241
 24100 3.22218
 24200 3.22196
 24300 3.22174
 24400 3.22151
 24500 3.22129
 24600 3.22107
 24700 3.22086
 24800 3.22064
 24900 3.22043
 25000 3.22022
 25100 3.22001
 25200 3.21980
 25300 3.21959
 25400 3.21939
 25500 3.21919
 25600 3.21898
 25700 3.21878
 25800 3.21858
 25900 3.21839
 26000 3.21819
 26100 3.21800
 26200 3.21780
 26300 3.21761
 26400 3.21742
 26500 3.21723
 26600 3.21705
 26700 3.21686
 26800 3.21667
 26900 3.21649
 27000 3.21631
 27100 3.21613
 27200 3.21595
 27300 3.21577
 27400 3.21559
 27500 3.21541
 27600 3.21524
 27700 3.21506
 27800 3.21489
 27900 3.21472
 28000 3.21455
 28100 3.21438
 28200 3.21421
 28300 3.21404
 28400 3.21387
 28500 3.21371
 28600 3.21354
 28700 3.21338
 28800 3.21321
 28900 3.21305
 29000 3.21289
 29100 3.21273
 29200 3.21257
 29300 3.21241
 29400 3.21226
 29500 3.21210
 29600 3.21194
 29700 3.21179
 29800 3.21163
 29900 3.21148
 30000 3.21133
 30100 3.21118
 30200 3.21103
 30300 3.21088
 30400 3.21073
 30500 3.21058
 30600 3.21043
 30700 3.21028
 30800 3.21014
 30900 3.20999
 31000 3.20985
 31100 3.20970
 31200 3.20956
 31300 3.20942
 31400 3.20928
 31500 3.20914
 31600 3.20899
 31700 3.20885
 31800 3.20872
 31900 3.20858
 32000 3.20844
 32100 3.20830
 32200 3.20817
 32300 3.20803
 32400 3.20789
 32500 3.20776
 32600 3.20762
 32700 3.20749
 32800 3.20736
 32900 3.20723
 33000 3.20709
 33100 3.20696
 33200 3.20683
 33300 3.20670
 33400 3.20657
 33500 3.20644
 33600 3.20631
 33700 3.20619
 33800 3.20606
 33900 3.20593
 34000 3.20580
 34100 3.20568
 34200 3.20555
 34300 3.20543
 34400 3.20530
 34500 3.20518
 34600 3.20506
 34700 3.20493
 34800 3.20481
 34900 3.20469
 35000 3.20457
 35100 3.20444
 35200 3.20432
 35300 3.20420
 35400 3.20408
 35500 3.20396
 35600 3.20385
 35700 3.20373
 35800 3.20361
 35900 3.20349
 36000 3.20337
 36100 3.20326
 36200 3.20314
 36300 3.20302
 36400 3.20291
 36500 3.20279
 36600 3.20268
 36700 3.20256
 36800 3.20245
 36900 3.20233
 37000 3.20222
 37100 3.20211
 37200 3.20199
 37300 3.20188
 37400 3.20177
 37500 3.20166
 37600 3.20155
 37700 3.20144
 37800 3.20133
 37900 3.20122
 38000 3.20111
 38100 3.20100
 38200 3.20089
 38300 3.20078
 38400 3.20067
 38500 3.20056
 38600 3.20045
 38700 3.20035
 38800 3.20024
 38900 3.20013
 39000 3.20002
 39100 3.19992
 39200 3.19981
 39300 3.19971
 39400 3.19960
 39500 3.19950
 39600 3.19939
 39700 3.19929
 39800 3.19918
 39900 3.19908
 40000 3.19897
 40100 3.19887
 40200 3.19877
 40300 3.19866
 40400 3.19856
 40500 3.19846
 40600 3.19836
 40700 3.19826
 40800 3.19815
 40900 3.19805
 41000 3.19795
 41100 3.19785
 41200 3.19775
 41300 3.19765
 41400 3.19755
 41500 3.19745
 41600 3.19735
 41700 3.19725
 41800 3.19715
 41900 3.19706
 42000 3.19696
 42100 3.19686
 42200 3.19676
 42300 3.19666
 42400 3.19657
 42500 3.19647
 42600 3.19637
 42700 3.19628
 42800 3.19618
 42900 3.19608
 43000 3.19599
 43100 3.19589
 43200 3.19580
 43300 3.19570
 43400 3.19561
 43500 3.19551
 43600 3.19542
 43700 3.19532
 43800 3.19523
 43900 3.19513
 44000 3.19504
 44100 3.19495
 44200 3.19485
 44300 3.19476
 44400 3.19467
 44500 3.19458
 44600 3.19448
 44700 3.19439
 44800 3.19430
 44900 3.19421
 45000 3.19412
 45100 3.19402
 45200 3.19393
 45300 3.19384
 45400 3.19375
 45500 3.19366
 45600 3.19357
 45700 3.19348
 45800 3.19339
 45900 3.19330
 46000 3.19321
 46100 3.19312
 46200 3.19303
 46300 3.19294
 46400 3.19285
 46500 3.19276
 46600 3.19268
 46700 3.19259
 46800 3.19250
 46900 3.19241
 47000 3.19232
 47100 3.19224
 47200 3.19215
 47300 3.19206
 47400 3.19198
 47500 3.19189
 47600 3.19180
 47700 3.19172
 47800 3.19163
 47900 3.19154
 48000 3.19146
 48100 3.19137
 48200 3.19129
 48300 3.19120
 48400 3.19112
 48500 3.19103
 48600 3.19095
 48700 3.19086
 48800 3.19078
 48900 3.19069
 49000 3.19061
 49100 3.19052
 49200 3.19044
 49300 3.19036
 49400 3.19027
 49500 3.19019
 49600 3.19011
 49700 3.19002
 49800 3.18994
 49900 3.18986
 49999 3.18977
